zipcodes:
  '13066':
    lat: 43.032344
    lon: -76.000553
  '13214':
    lat: 43.040531
    lon: -76.076762
  '13413':
    lat: 43.060413
    lon: -75.279398
  '13850':
    lat: 42.049395
    lon: -76.017594
